##BLOCKS= 1
Plate:	Plate1	1.3	PlateFormat	Endpoint	Absorbance	Raw	FALSE	1			1	12	96	1	8	None	2	450	620	1	12	96	1	8
	Temperature(¡C)	1	2	3	4	5	6	7	8	9	10	11	12
A	24.5	2.6520	2.6580	2.6667	2.3521	1.1750	1.3896	1.7117	2.2203	0.4671	1.7973	0.4033	0.8926
B		2.5693	2.5594	2.6494	2.3324	1.1744	1.4000	1.7147	2.2416	0.4755	1.8223	0.3903	0.9283
C		2.4093	2.4017	2.6483	1.0985	2.6084	1.6213	0.9670	2.6456	2.1807	1.4682	0.7077	1.4921
D		2.1277	2.1443	2.6675	1.0850	2.6238	1.6306	0.9843	2.6535	2.1680	1.4782	0.7297	1.4729
E		1.6780	1.6764	2.7099	0.1174	1.9413	2.3051	2.6180	2.6265	0.4256	1.5177	0.4209	1.4609
F		1.1650	1.1634	2.7086	0.0950	1.0586	2.2971	2.6224	2.6155	0.4453	1.5173	0.4128	1.4409
G		0.6982	0.6856	2.0478	0.4109	2.2737	0.7464	2.6144	1.5958	0.6531	2.6474	2.0486	1.8701
H		0.0449	0.0478	2.0715	0.3933	2.2889	0.7537	2.6022	1.6152	0.6738	2.6287	2.0590	1.8521

~End
Original Filename: demo_run.pda; Date Last Saved: 8/13/2026 9:12:41 AM
